   0.0000000e+00   2.0454651e+00
   6.1359232e-03   1.7579646e+00
   1.2271846e-02  -3.8870502e-01
   1.8407769e-02   2.5909701e+00
   2.4543693e-02   3.4446678e-01
   3.0679616e-02  -1.9016648e+00
   3.6815539e-02   2.6909429e+00
   4.2951462e-02  -1.6777619e+00
   4.9087385e-02  -1.3160598e+00
   5.5223308e-02  -3.0795917e+00
   6.1359232e-02   3.3969289e-02
   6.7495155e-02   3.6623360e-01
   7.3631078e-02  -1.3175718e+00
   7.9767001e-02  -9.5496417e-02
   8.5902924e-02  -5.2664985e-01
   9.2038847e-02   2.4463575e+00
   9.8174770e-02  -1.2832479e+00
   1.0431069e-01  -1.8638152e+00
   1.1044662e-01  -4.7340416e-01
   1.1658254e-01   2.3902046e+00
   1.2271846e-01   1.5304059e+00
   1.2885439e-01   4.2967653e-01
   1.3499031e-01   9.7924114e-01
   1.4112623e-01   5.0881258e+00
   1.4726216e-01  -2.4854886e-01
   1.5339808e-01   1.5049899e+00
   1.5953400e-01   2.8067064e+00
   1.6566993e-01  -1.2693119e+00
   1.7180585e-01   6.7806157e-01
   1.7794177e-01   3.2591956e-02
   1.8407769e-01   3.3082857e+00
   1.9021362e-01   2.4466729e+00
   1.9634954e-01   3.6840392e+00
   2.0248546e-01  -7.1222047e-01
   2.0862139e-01   3.8321860e+00
   2.1475731e-01  -1.6168338e+00
   2.2089323e-01   6.4355772e-01
   2.2702916e-01   3.0971061e+00
   2.3316508e-01   5.6503992e+00
   2.3930100e-01   2.0490796e+00
   2.4543693e-01   5.4513561e+00
   2.5157285e-01  -2.3084536e+00
   2.5770877e-01  -5.1490492e-01
   2.6384470e-01   1.8889578e+00
   2.6998062e-01   3.0147417e-01
   2.7611654e-01  -9.9154113e-01
   2.8225246e-01   2.7963731e+00
   2.8838839e-01   1.6618841e+00
   2.9452431e-01   3.2041798e-02
   3.0066023e-01   2.3074359e+00
   3.0679616e-01   1.0625645e+00
   3.1293208e-01   1.3150907e+00
   3.1906800e-01   3.0604169e-01
   3.2520393e-01  -3.7817188e-01
   3.3133985e-01  -8.5578627e-01
   3.3747577e-01  -2.8514573e+00
   3.4361170e-01   3.3597926e+00
   3.4974762e-01   2.6634831e-01
   3.5588354e-01  -1.0788653e+00
   3.6201947e-01  -6.6329500e-02
   3.6815539e-01   3.8263699e+00
   3.7429131e-01   1.1694325e+00
   3.8042724e-01  -2.7814715e-01
   3.8656316e-01   1.0734077e+00
   3.9269908e-01   3.9715361e+00
   3.9883500e-01   5.5514150e-01
   4.0497093e-01   3.6989529e-01
   4.1110685e-01  -3.3489133e+00
   4.1724277e-01   3.3848223e+00
   4.2337870e-01   2.4777274e+00
   4.2951462e-01   3.8491357e+00
   4.3565054e-01  -8.6839498e-01
   4.4178647e-01  -8.2433101e-02
   4.4792239e-01   2.4884331e+00
   4.5405831e-01   1.9692145e+00
   4.6019424e-01   2.4547996e+00
   4.6633016e-01  -2.6435282e-01
   4.7246608e-01  -1.4364271e-01
   4.7860201e-01   3.4029570e+00
   4.8473793e-01  -3.5418758e-02
   4.9087385e-01   4.8764113e+00
   4.9700978e-01   1.7190544e+00
   5.0314570e-01   1.3807379e+00
   5.0928162e-01  -3.3852508e-01
   5.1541754e-01  -9.4491962e-01
   5.2155347e-01   3.2254167e+00
   5.2768939e-01   3.5872544e+00
   5.3382531e-01   3.1494033e+00
   5.3996124e-01  -3.1088576e-01
   5.4609716e-01   1.7447543e+00
   5.5223308e-01  -4.8339525e-01
   5.5836901e-01   3.2546765e+00
   5.6450493e-01  -1.8649147e+00
   5.7064085e-01   1.1863843e+00
   5.7677678e-01   2.0360797e+00
   5.8291270e-01  -4.9312260e-01
   5.8904862e-01   2.4585174e+00
   5.9518455e-01  -5.6392643e-01
   6.0132047e-01   2.5921942e+00
   6.0745639e-01   1.8861899e+00
   6.1359232e-01   1.7667434e+00
   6.1972824e-01   2.8420810e+00
   6.2586416e-01   9.7479535e-01
   6.3200008e-01   4.7152214e-01
   6.3813601e-01  -1.0961086e+00
   6.4427193e-01   2.6296583e+00
   6.5040785e-01  -2.0527444e-01
   6.5654378e-01   1.3613673e+00
   6.6267970e-01  -3.2926003e+00
   6.6881562e-01   3.3736596e-01
   6.7495155e-01   1.1066066e-01
   6.8108747e-01   2.1887990e-01
   6.8722339e-01   1.0129175e+00
   6.9335932e-01  -6.1142720e-01
   6.9949524e-01  -8.5305611e-01
   7.0563116e-01  -1.9661365e+00
   7.1176709e-01  -3.4582238e+00
   7.1790301e-01  -1.4084096e+00
   7.2403893e-01   1.9219493e+00
   7.3017486e-01  -3.2263752e+00
   7.3631078e-01   9.0620396e-01
   7.4244670e-01  -1.0111539e+00
   7.4858262e-01  -3.5864803e+00
   7.5471855e-01   2.2613077e+00
   7.6085447e-01   1.6309340e+00
   7.6699039e-01   2.4849495e-02
   7.7312632e-01   1.1058358e+00
   7.7926224e-01   2.8360272e+00
   7.8539816e-01  -5.3144338e-01
   7.9153409e-01   8.9867678e-01
   7.9767001e-01   4.1441749e-01
   8.0380593e-01  -1.0234731e+00
   8.0994186e-01   2.8746582e+00
   8.1607778e-01  -2.7407423e+00
   8.2221370e-01   1.5425206e+00
   8.2834963e-01  -8.1197524e-01
   8.3448555e-01   5.4222914e-01
   8.4062147e-01   8.9544961e-02
   8.4675739e-01   1.5384858e+00
   8.5289332e-01   1.7661996e+00
   8.5902924e-01   9.3573268e-01
   8.6516516e-01   3.0085659e+00
   8.7130109e-01  -2.1801104e+00
   8.7743701e-01   2.9817677e-02
   8.8357293e-01   4.1435350e+00
   8.8970886e-01   1.2112829e+00
   8.9584478e-01   4.3874630e-01
   9.0198070e-01   5.6078215e-01
   9.0811663e-01  -2.4402559e+00
   9.1425255e-01   1.8850714e-01
   9.2038847e-01   4.4099402e+00
   9.2652440e-01   1.7026727e+00
   9.3266032e-01   6.2148422e-01
   9.3879624e-01   4.6520476e-01
   9.4493217e-01   1.7116334e+00
   9.5106809e-01   1.0946631e-01
   9.5720401e-01   6.0126923e+00
   9.6333993e-01   2.5144947e+00
   9.6947586e-01   2.4025683e+00
   9.7561178e-01   7.8644364e-02
   9.8174770e-01   1.8121469e+00
   9.8788363e-01   2.0723963e+00
   9.9401955e-01   3.8667648e-01
   1.0001555e+00   4.0580915e+00
   1.0062914e+00   2.6243818e+00
   1.0124273e+00   4.1919208e+00
   1.0185632e+00   4.8590206e-01
   1.0246992e+00   3.1395473e+00
   1.0308351e+00   2.5953231e+00
   1.0369710e+00   5.5968836e+00
   1.0431069e+00   2.2256261e+00
   1.0492429e+00   2.5915467e+00
   1.0553788e+00   4.6449202e+00
   1.0615147e+00   7.4406738e+00
   1.0676506e+00   2.7564919e+00
   1.0737866e+00   4.1159041e+00
   1.0799225e+00   2.9326135e+00
   1.0860584e+00   3.9934970e+00
   1.0921943e+00   2.9921405e+00
   1.0983302e+00   6.5643097e+00
   1.1044662e+00   2.4072925e+00
   1.1106021e+00   1.1107654e+00
   1.1167380e+00   8.0696190e+00
   1.1228739e+00   5.4288206e+00
   1.1290099e+00   3.4653866e+00
   1.1351458e+00   3.0311324e+00
   1.1412817e+00   5.0560253e+00
   1.1474176e+00   1.3705079e+00
   1.1535536e+00   4.3944754e+00
   1.1596895e+00   6.3721561e+00
   1.1658254e+00   4.2296769e+00
   1.1719613e+00   4.1695065e+00
   1.1780972e+00   5.8628053e+00
   1.1842332e+00   1.2993661e+00
   1.1903691e+00   2.0781273e+00
   1.1965050e+00   6.6068440e+00
   1.2026409e+00   3.8100298e+00
   1.2087769e+00   3.8030720e+00
   1.2149128e+00   7.9054986e+00
   1.2210487e+00   4.0704911e+00
   1.2271846e+00   1.2403927e+00
   1.2333206e+00   2.9159181e+00
   1.2394565e+00   7.5435121e+00
   1.2455924e+00   5.1119768e+00
   1.2517283e+00  -1.4834003e+00
   1.2578642e+00   3.1407000e+00
   1.2640002e+00   2.7130963e+00
   1.2701361e+00   4.2737136e+00
   1.2762720e+00   2.1413085e+00
   1.2824079e+00   3.3331139e+00
   1.2885439e+00   3.4422222e+00
   1.2946798e+00   6.6638458e+00
   1.3008157e+00   2.5597874e+00
   1.3069516e+00   1.1316584e+00
   1.3130876e+00   5.2308803e+00
   1.3192235e+00   4.6949196e+00
   1.3253594e+00   3.8791917e+00
   1.3314953e+00   6.7755321e-01
   1.3376312e+00   2.0398551e-01
   1.3437672e+00   2.1575404e+00
   1.3499031e+00   1.6708205e-01
   1.3560390e+00   2.6957785e+00
   1.3621749e+00   1.1506374e+00
   1.3683109e+00   1.5165505e+00
   1.3744468e+00   5.4011928e+00
   1.3805827e+00   2.7922762e+00
   1.3867186e+00  -8.7279272e-01
   1.3928546e+00   3.7456159e+00
   1.3989905e+00   6.0036716e+00
   1.4051264e+00   2.7237492e+00
   1.4112623e+00   4.9217137e+00
   1.4173982e+00   2.0333000e+00
   1.4235342e+00   3.5235463e+00
   1.4296701e+00   7.8920245e-02
   1.4358060e+00   5.8597295e-01
   1.4419419e+00   1.5710414e+00
   1.4480779e+00  -1.0726987e+00
   1.4542138e+00  -6.5136990e-02
   1.4603497e+00   2.5477956e+00
   1.4664856e+00   2.8010821e+00
   1.4726216e+00   2.0069878e+00
   1.4787575e+00   2.6392603e+00
   1.4848934e+00  -2.8121342e+00
   1.4910293e+00  -1.7728423e+00
   1.4971652e+00   4.1969735e+00
   1.5033012e+00   3.1787901e+00
   1.5094371e+00   8.9750267e-01
   1.5155730e+00   2.9899641e+00
   1.5217089e+00  -2.4154322e+00
   1.5278449e+00   4.0127819e+00
   1.5339808e+00   2.9392496e+00
   1.5401167e+00   2.0715678e+00
   1.5462526e+00   1.9806729e+00
   1.5523886e+00   2.1210173e-01
   1.5585245e+00   2.7818564e+00
   1.5646604e+00  -7.0167717e-01
   1.5707963e+00   1.9299643e+00
   1.5769322e+00  -6.8649976e-02
   1.5830682e+00   2.7081047e+00
   1.5892041e+00   9.4419807e-02
   1.5953400e+00   1.2245298e+00
   1.6014759e+00   3.2975193e+00
   1.6076119e+00  -6.5687413e-01
   1.6137478e+00   3.3987105e+00
   1.6198837e+00   5.2598928e-01
   1.6260196e+00   3.2754222e+00
   1.6321556e+00   1.2958767e+00
   1.6382915e+00   3.6168739e+00
   1.6444274e+00   2.5916472e+00
   1.6505633e+00   3.4418462e+00
   1.6566993e+00  -1.5314774e+00
   1.6628352e+00  -1.2155333e+00
   1.6689711e+00   1.7396262e+00
   1.6751070e+00   6.8370167e+00
   1.6812429e+00   2.6977268e+00
   1.6873789e+00   5.3821322e+00
   1.6935148e+00  -9.3687755e-01
   1.6996507e+00   1.6259358e+00
   1.7057866e+00   5.8486889e-01
   1.7119226e+00   6.1836129e-02
   1.7180585e+00   3.2215889e-01
   1.7241944e+00   3.6865904e+00
   1.7303303e+00   6.3741663e-01
   1.7364663e+00   5.2676334e-01
   1.7426022e+00   4.0332340e-01
   1.7487381e+00   3.2812940e+00
   1.7548740e+00  -3.2213692e-04
   1.7610099e+00   3.3114811e+00
   1.7671459e+00   5.8434951e-01
   1.7732818e+00  -9.3023242e-01
   1.7794177e+00   3.1771086e+00
   1.7855536e+00  -5.1690656e-01
   1.7916896e+00   1.4141566e+00
   1.7978255e+00   2.5008137e+00
   1.8039614e+00   2.3022722e+00
   1.8100973e+00   3.0799000e+00
   1.8162333e+00   6.3972619e+00
   1.8223692e+00   5.1390311e+00
   1.8285051e+00   3.0635722e+00
   1.8346410e+00   2.2637931e+00
   1.8407769e+00   5.1299420e+00
   1.8469129e+00   6.2497404e+00
   1.8530488e+00   5.6560751e+00
   1.8591847e+00   2.0783616e+00
   1.8653206e+00   7.8566918e-01
   1.8714566e+00   4.0019046e+00
   1.8775925e+00   2.4505838e+00
   1.8837284e+00   7.7374863e+00
   1.8898643e+00   2.5593736e+00
   1.8960003e+00   4.4195198e+00
   1.9021362e+00   4.3563276e+00
   1.9082721e+00   4.0827441e+00
   1.9144080e+00   4.8098419e+00
   1.9205439e+00   4.4304371e+00
   1.9266799e+00   6.3922275e+00
   1.9328158e+00   6.4902376e+00
   1.9389517e+00   3.2140050e+00
   1.9450876e+00   5.4991034e+00
   1.9512236e+00   6.2242971e+00
   1.9573595e+00   3.1408201e+00
   1.9634954e+00   5.4242785e+00
   1.9696313e+00   7.7651523e+00
   1.9757673e+00   4.8657925e-02
   1.9819032e+00   3.3229540e+00
   1.9880391e+00   4.5818205e+00
   1.9941750e+00   2.9741774e+00
   2.0003109e+00   5.7401669e+00
   2.0064469e+00   2.5866909e+00
   2.0125828e+00   5.4869738e+00
   2.0187187e+00   2.8295975e+00
   2.0248546e+00   5.4176285e+00
   2.0309906e+00   4.8503414e+00
   2.0371265e+00   7.9505700e+00
   2.0432624e+00   3.9765546e+00
   2.0493983e+00   5.1161172e+00
   2.0555343e+00   4.8773300e+00
   2.0616702e+00   4.8470167e+00
   2.0678061e+00   5.9003000e+00
   2.0739420e+00   3.9302066e+00
   2.0800779e+00   8.2322936e+00
   2.0862139e+00   4.1241144e+00
   2.0923498e+00   5.3332909e+00
   2.0984857e+00   5.6634682e+00
   2.1046216e+00   4.8078366e+00
   2.1107576e+00   7.7736146e+00
   2.1168935e+00   5.6464057e+00
   2.1230294e+00   3.5788552e+00
   2.1291653e+00   2.1467329e+00
   2.1353013e+00   2.6991795e+00
   2.1414372e+00   2.0740145e+00
   2.1475731e+00   3.0428066e-01
   2.1537090e+00   2.0754365e+00
   2.1598449e+00   5.3567214e-01
   2.1659809e+00   6.6005870e+00
   2.1721168e+00   4.0291646e+00
   2.1782527e+00   6.8916185e+00
   2.1843886e+00   9.6882313e-01
   2.1905246e+00   3.8908087e+00
   2.1966605e+00   3.5311290e+00
   2.2027964e+00   7.9726410e-01
   2.2089323e+00   2.9955274e-01
   2.2150683e+00   2.5545609e+00
   2.2212042e+00  -7.3170641e-01
   2.2273401e+00   7.8254604e-01
   2.2334760e+00   1.0747075e+00
   2.2396120e+00   3.5344555e+00
   2.2457479e+00  -1.4969642e+00
   2.2518838e+00  -6.1135762e-02
   2.2580197e+00   6.0118747e+00
   2.2641556e+00   2.4225321e+00
   2.2702916e+00  -7.2770750e-01
   2.2764275e+00   4.0037545e+00
   2.2825634e+00  -1.8360181e+00
   2.2886993e+00  -8.7529147e-02
   2.2948353e+00   2.0966256e+00
   2.3009712e+00   1.1039611e+00
   2.3071071e+00  -4.6619737e-01
   2.3132430e+00  -1.4275414e+00
   2.3193790e+00   3.3015194e+00
   2.3255149e+00   7.0569840e-01
   2.3316508e+00   9.3984323e-01
   2.3377867e+00   4.7308439e+00
   2.3439226e+00   1.6300279e-01
   2.3500586e+00   1.5131642e+00
   2.3561945e+00   6.5068581e-01
   2.3623304e+00   4.1769031e-01
   2.3684663e+00   1.6731181e+00
   2.3746023e+00   1.7049496e+00
   2.3807382e+00   3.0217511e+00
   2.3868741e+00   1.7365095e+00
   2.3930100e+00  -2.7467613e-01
   2.3991460e+00  -2.6823843e+00
   2.4052819e+00   1.9234530e+00
   2.4114178e+00   2.9481206e+00
   2.4175537e+00  -1.6775913e+00
   2.4236896e+00   3.1116378e-01
   2.4298256e+00   1.0794177e+00
   2.4359615e+00   3.4415077e-01
   2.4420974e+00  -6.7952839e-01
   2.4482333e+00   3.7923956e-02
   2.4543693e+00   9.6578788e-01
   2.4605052e+00   1.0958118e+00
   2.4666411e+00   1.1692056e-02
   2.4727770e+00   5.5966850e-01
   2.4789130e+00   9.6508013e-01
   2.4850489e+00  -2.2866272e-01
   2.4911848e+00  -4.1884230e-01
   2.4973207e+00  -3.7984828e+00
   2.5034566e+00  -1.9094180e+00
   2.5095926e+00   2.7248326e+00
   2.5157285e+00   3.7397626e+00
   2.5218644e+00  -9.2071863e-01
   2.5280003e+00   3.8844872e+00
   2.5341363e+00   1.6344975e+00
   2.5402722e+00   2.7562034e+00
   2.5464081e+00  -4.6742633e+00
   2.5525440e+00   1.2057687e+00
   2.5586800e+00  -1.5789770e+00
   2.5648159e+00   4.3062904e+00
   2.5709518e+00   1.3867171e+00
   2.5770877e+00   2.5395342e+00
   2.5832236e+00   1.3505834e+00
   2.5893596e+00  -3.3948034e-01
   2.5954955e+00  -8.8895722e-01
   2.6016314e+00   8.0784946e-01
   2.6077673e+00  -3.5035934e-02
   2.6139033e+00   1.8885186e+00
   2.6200392e+00   1.3319629e+00
   2.6261751e+00  -5.7111371e-01
   2.6323110e+00   3.8243045e-01
   2.6384470e+00   6.2852587e-01
   2.6445829e+00   1.6289084e+00
   2.6507188e+00   5.1912778e-01
   2.6568547e+00  -5.0441715e-01
   2.6629906e+00  -5.2721080e-01
   2.6691266e+00  -5.2936593e-01
   2.6752625e+00   1.3037849e+00
   2.6813984e+00   1.9991572e+00
   2.6875343e+00   3.8551775e-01
   2.6936703e+00  -8.6012779e-01
   2.6998062e+00  -2.9841827e+00
   2.7059421e+00  -2.6930793e+00
   2.7120780e+00   1.8626758e+00
   2.7182140e+00   1.1141713e+00
   2.7243499e+00  -2.8609074e+00
   2.7304858e+00   1.4146095e+00
   2.7366217e+00   1.0328528e-02
   2.7427576e+00  -2.4547444e+00
   2.7488936e+00  -7.3116603e-02
   2.7550295e+00   7.7299772e-01
   2.7611654e+00   1.9180740e-01
   2.7673013e+00   2.5133898e+00
   2.7734373e+00   1.6131188e+00
   2.7795732e+00   1.6413139e+00
   2.7857091e+00   4.7250355e+00
   2.7918450e+00  -1.4524223e+00
   2.7979810e+00   3.6039026e-01
   2.8041169e+00   7.3682189e-01
   2.8102528e+00  -3.4924362e-01
   2.8163887e+00   2.4256429e+00
   2.8225246e+00  -1.5897561e+00
   2.8286606e+00   1.4046460e+00
   2.8347965e+00   2.0478641e+00
   2.8409324e+00   3.1274106e+00
   2.8470683e+00  -2.0195974e+00
   2.8532043e+00   4.7440997e+00
   2.8593402e+00   2.5726565e-01
   2.8654761e+00   2.1316782e+00
   2.8716120e+00  -3.5982302e+00
   2.8777480e+00  -1.5526164e-01
   2.8838839e+00  -2.7306555e+00
   2.8900198e+00  -3.9975956e-01
   2.8961557e+00  -7.6306646e-02
   2.9022917e+00  -2.4449465e+00
   2.9084276e+00   3.7884058e+00
   2.9145635e+00   1.6970353e+00
   2.9206994e+00  -6.7336929e-02
   2.9268353e+00   3.8275700e+00
   2.9329713e+00   1.4845468e+00
   2.9391072e+00   4.2396518e+00
   2.9452431e+00   1.4744374e-01
   2.9513790e+00   1.7524796e-01
   2.9575150e+00   1.7389955e+00
   2.9636509e+00  -1.9160164e+00
   2.9697868e+00   2.5619202e-01
   2.9759227e+00   3.1286355e+00
   2.9820587e+00  -5.1908389e-01
   2.9881946e+00   1.7860124e+00
   2.9943305e+00  -1.2269640e+00
   3.0004664e+00   1.6578125e+00
   3.0066023e+00  -5.3329852e-01
   3.0127383e+00   3.6233109e-01
   3.0188742e+00   1.7128005e+00
   3.0250101e+00  -8.2681490e-01
   3.0311460e+00   5.2435096e-01
   3.0372820e+00   1.6538279e+00
   3.0434179e+00   3.4949188e+00
   3.0495538e+00  -3.7016000e+00
   3.0556897e+00  -8.5472096e-01
   3.0618257e+00   1.9451793e+00
   3.0679616e+00  -2.8562979e-01
   3.0740975e+00   2.9531886e+00
   3.0802334e+00   2.3759991e+00
   3.0863693e+00   3.8594099e-01
   3.0925053e+00   9.6767028e-01
   3.0986412e+00   1.9719347e+00
   3.1047771e+00  -2.2569527e+00
   3.1109130e+00  -3.1130052e+00
   3.1170490e+00   1.3873829e+00
   3.1231849e+00   1.7349138e+00
   3.1293208e+00   2.5813417e+00
   3.1354567e+00  -2.3648329e+00
   3.1415927e+00   2.2647308e+00
   3.1477286e+00   1.5540757e+00
   3.1538645e+00   1.7468214e+00
   3.1600004e+00   2.7795302e+00
   3.1661363e+00  -3.3626124e+00
   3.1722723e+00   3.2823456e+00
   3.1784082e+00   1.5197333e+00
   3.1845441e+00   5.3843739e-01
   3.1906800e+00  -2.7082112e-01
   3.1968160e+00   1.5921044e+00
   3.2029519e+00   1.0354405e+00
   3.2090878e+00  -1.4042954e+00
   3.2152237e+00   2.6935246e+00
   3.2213597e+00   1.6106066e+00
   3.2274956e+00   1.6903256e+00
   3.2336315e+00   1.8992235e+00
   3.2397674e+00  -8.6136307e-01
   3.2459033e+00   6.5011678e+00
   3.2520393e+00   4.4732506e+00
   3.2581752e+00  -9.5419914e-01
   3.2643111e+00   1.4965527e+00
   3.2704470e+00   1.1599932e+00
   3.2765830e+00   9.6629033e-02
   3.2827189e+00  -1.9538461e+00
   3.2888548e+00  -1.9376079e-01
   3.2949907e+00   2.0177024e+00
   3.3011267e+00   3.4878184e-01
   3.3072626e+00  -1.7680934e+00
   3.3133985e+00   9.5590668e-01
   3.3195344e+00   3.2491552e+00
   3.3256703e+00  -4.9206595e-01
   3.3318063e+00  -2.0908023e+00
   3.3379422e+00   5.9906661e-01
   3.3440781e+00   1.5045877e+00
   3.3502140e+00   3.3607789e+00
   3.3563500e+00   1.0538755e+00
   3.3624859e+00   2.8344035e-02
   3.3686218e+00   2.0420571e+00
   3.3747577e+00   2.5912599e+00
   3.3808937e+00   1.5186413e-01
   3.3870296e+00   8.6240562e-01
   3.3931655e+00   1.4139247e+00
   3.3993014e+00  -3.5302687e+00
   3.4054373e+00  -6.8411502e-03
   3.4115733e+00  -1.3134948e-01
   3.4177092e+00  -1.8220259e+00
   3.4238451e+00  -6.8849604e-01
   3.4299810e+00   1.8790380e+00
   3.4361170e+00  -3.3365591e+00
   3.4422529e+00  -1.3575748e+00
   3.4483888e+00  -3.8539194e+00
   3.4545247e+00   3.9227481e-01
   3.4606607e+00  -1.5406672e-01
   3.4667966e+00  -9.9839243e-01
   3.4729325e+00  -3.5790963e+00
   3.4790684e+00   1.8793496e+00
   3.4852044e+00   1.1800477e-01
   3.4913403e+00   1.4015271e+00
   3.4974762e+00   1.2818189e+00
   3.5036121e+00   2.9170391e+00
   3.5097480e+00  -2.8538106e+00
   3.5158840e+00   1.1852772e+00
   3.5220199e+00   1.7870821e-01
   3.5281558e+00  -1.4947257e+00
   3.5342917e+00   4.0349482e-01
   3.5404277e+00  -7.9043476e-01
   3.5465636e+00   1.8719286e+00
   3.5526995e+00   1.0140743e+00
   3.5588354e+00   1.2317096e+00
   3.5649714e+00   1.1287927e-01
   3.5711073e+00   2.9749343e+00
   3.5772432e+00  -1.1382716e+00
   3.5833791e+00   3.5777917e+00
   3.5895150e+00  -2.9064451e+00
   3.5956510e+00   7.4220443e-01
   3.6017869e+00   7.5478681e-01
   3.6079228e+00   5.6736699e-01
   3.6140587e+00   6.1161710e-01
   3.6201947e+00   1.7521183e-01
   3.6263306e+00   1.9557244e+00
   3.6324665e+00   2.0447992e+00
   3.6386024e+00   3.9469057e+00
   3.6447384e+00   2.9580604e+00
   3.6508743e+00   3.7391346e+00
   3.6570102e+00  -1.2168537e+00
   3.6631461e+00  -5.4742707e-01
   3.6692820e+00   1.3985115e+00
   3.6754180e+00   1.2074738e+00
   3.6815539e+00   2.5117234e+00
   3.6876898e+00  -2.0669028e-01
   3.6938257e+00  -3.3969323e-03
   3.6999617e+00   1.0817403e+00
   3.7060976e+00   3.3425619e+00
   3.7122335e+00   1.4893687e+00
   3.7183694e+00   2.8919580e+00
   3.7245054e+00   3.2167928e+00
   3.7306413e+00   1.9751127e+00
   3.7367772e+00   1.3729203e+00
   3.7429131e+00   1.1692483e+00
   3.7490490e+00   1.7159751e+00
   3.7551850e+00   3.7317207e+00
   3.7613209e+00   3.1218783e+00
   3.7674568e+00  -2.5481507e-01
   3.7735927e+00   3.2398733e+00
   3.7797287e+00   2.8042668e+00
   3.7858646e+00  -1.0871150e+00
   3.7920005e+00   1.3539724e+00
   3.7981364e+00   1.6672134e+00
   3.8042724e+00   4.8777643e+00
   3.8104083e+00   1.6256424e+00
   3.8165442e+00   1.8258041e+00
   3.8226801e+00   2.0650221e+00
   3.8288160e+00   4.9162438e+00
   3.8349520e+00   4.2020608e+00
   3.8410879e+00   1.6536779e+00
   3.8472238e+00   3.3915418e+00
   3.8533597e+00   5.8376059e-01
   3.8594957e+00   3.0355360e+00
   3.8656316e+00   4.1285159e+00
   3.8717675e+00   3.6090405e+00
   3.8779034e+00  -3.5087200e-01
   3.8840394e+00  -2.1911120e-01
   3.8901753e+00   4.0692782e+00
   3.8963112e+00  -5.1191648e-01
   3.9024471e+00   6.0116033e+00
   3.9085830e+00  -2.0818489e+00
   3.9147190e+00   3.9343536e+00
   3.9208549e+00   1.3169052e+00
   3.9269908e+00  -2.6496762e-01
   3.9331267e+00  -6.0437855e-01
   3.9392627e+00   2.0363753e+00
   3.9453986e+00  -2.1779414e+00
   3.9515345e+00   2.0731736e+00
   3.9576704e+00  -3.0564173e-01
   3.9638064e+00   2.5007967e+00
   3.9699423e+00   1.1326167e+00
   3.9760782e+00   5.6849794e+00
   3.9822141e+00   3.5938920e+00
   3.9883500e+00   1.2150980e+00
   3.9944860e+00   8.5226843e-01
   4.0006219e+00  -2.8305056e+00
   4.0067578e+00   2.7606134e+00
   4.0128937e+00   1.8749053e-01
   4.0190297e+00  -4.0652837e-01
   4.0251656e+00   2.7710501e+00
   4.0313015e+00   3.4579328e+00
   4.0374374e+00   9.9656413e-01
   4.0435734e+00   4.3106205e+00
   4.0497093e+00   3.4832780e+00
   4.0558452e+00   1.6399227e+00
   4.0619811e+00   2.9680821e-01
   4.0681170e+00   6.5826947e-01
   4.0742530e+00   2.4945511e+00
   4.0803889e+00  -1.2351408e+00
   4.0865248e+00  -8.9116544e-01
   4.0926607e+00   5.9430302e-02
   4.0987967e+00   5.1529416e+00
   4.1049326e+00   3.1623755e+00
   4.1110685e+00   2.0153193e+00
   4.1172044e+00   1.9965815e+00
   4.1233404e+00   6.4846990e+00
   4.1294763e+00   3.4335111e-02
   4.1356122e+00  -1.9329679e+00
   4.1417481e+00   3.8052934e+00
   4.1478841e+00   2.3121811e+00
   4.1540200e+00  -4.7384237e+00
   4.1601559e+00   5.9755125e-01
   4.1662918e+00   4.2047138e-01
   4.1724277e+00  -1.2266832e+00
   4.1785637e+00  -8.5523695e-01
   4.1846996e+00   4.6356891e+00
   4.1908355e+00  -1.0391614e+00
   4.1969714e+00  -6.0560711e-01
   4.2031074e+00   1.3941869e+00
   4.2092433e+00   5.1847615e+00
   4.2153792e+00   2.8037573e+00
   4.2215151e+00   2.1595705e+00
   4.2276511e+00   1.2460425e+00
   4.2337870e+00  -1.1508856e+00
   4.2399229e+00  -1.0473299e+00
   4.2460588e+00   6.1410925e-01
   4.2521947e+00  -4.8074443e-01
   4.2583307e+00   1.1929719e+00
   4.2644666e+00  -1.4726417e+00
   4.2706025e+00  -3.2632893e+00
   4.2767384e+00  -2.4136812e+00
   4.2828744e+00   2.6417235e+00
   4.2890103e+00   2.4745177e+00
   4.2951462e+00  -3.0346936e-02
   4.3012821e+00  -1.4575365e+00
   4.3074181e+00   2.4451062e+00
   4.3135540e+00  -6.7227347e-03
   4.3196899e+00  -2.4680231e-01
   4.3258258e+00  -2.3873402e+00
   4.3319617e+00   4.9239145e+00
   4.3380977e+00   8.9343078e-01
   4.3442336e+00  -1.1039544e+00
   4.3503695e+00   3.4831608e-01
   4.3565054e+00  -1.1730116e+00
   4.3626414e+00   1.4088554e+00
   4.3687773e+00   5.5114854e-01
   4.3749132e+00  -2.4603674e+00
   4.3810491e+00   2.5579789e+00
   4.3871851e+00   9.7554726e-01
   4.3933210e+00   3.8685923e+00
   4.3994569e+00   2.1746767e+00
   4.4055928e+00  -7.7252291e-01
   4.4117287e+00   5.1374240e+00
   4.4178647e+00  -4.7138975e-01
   4.4240006e+00   7.0431212e-01
   4.4301365e+00   9.2893766e-01
   4.4362724e+00   3.3231179e+00
   4.4424084e+00   2.7049807e+00
   4.4485443e+00   3.1873160e+00
   4.4546802e+00   1.3622194e+00
   4.4608161e+00   2.0949187e+00
   4.4669521e+00   1.6790768e+00
   4.4730880e+00  -2.2560845e-01
   4.4792239e+00   1.1869685e+00
   4.4853598e+00  -2.3280306e+00
   4.4914957e+00   3.4849571e+00
   4.4976317e+00  -1.7326149e+00
   4.5037676e+00   2.4370958e+00
   4.5099035e+00   2.5844719e+00
   4.5160394e+00   1.2821875e+00
   4.5221754e+00   3.5363780e+00
   4.5283113e+00   3.9390138e+00
   4.5344472e+00   1.8650554e+00
   4.5405831e+00   3.2475705e+00
   4.5467191e+00   6.5984724e+00
   4.5528550e+00   5.7785232e+00
   4.5589909e+00   4.3846344e+00
   4.5651268e+00  -4.0542781e-01
   4.5712627e+00   4.2140666e+00
   4.5773987e+00   6.0610821e+00
   4.5835346e+00   5.1530173e+00
   4.5896705e+00   3.7086222e+00
   4.5958064e+00   7.7412639e+00
   4.6019424e+00   2.9767021e+00
   4.6080783e+00   8.2626405e+00
   4.6142142e+00   7.3431658e+00
   4.6203501e+00   4.0244448e+00
   4.6264861e+00   5.1916071e+00
   4.6326220e+00   7.8547850e+00
   4.6387579e+00   6.4116159e+00
   4.6448938e+00   6.4501543e+00
   4.6510297e+00   5.7687499e+00
   4.6571657e+00   7.3549209e+00
   4.6633016e+00   9.0399298e+00
   4.6694375e+00   6.1702974e+00
   4.6755734e+00   5.7250537e+00
   4.6817094e+00   8.6959076e+00
   4.6878453e+00   7.5288800e+00
   4.6939812e+00   1.2141975e+01
   4.7001171e+00   8.9967375e+00
   4.7062531e+00   1.0327064e+01
   4.7123890e+00   6.4033397e+00
   4.7185249e+00   5.1206526e+00
   4.7246608e+00   5.8637165e+00
   4.7307967e+00   7.0088555e+00
   4.7369327e+00   6.4645969e+00
   4.7430686e+00   5.4286813e+00
   4.7492045e+00   8.8353587e+00
   4.7553404e+00   6.3532596e+00
   4.7614764e+00   9.3130458e+00
   4.7676123e+00   4.5420568e+00
   4.7737482e+00   7.8146598e+00
   4.7798841e+00   8.5546297e+00
   4.7860201e+00   7.9911232e+00
   4.7921560e+00   7.1576540e+00
   4.7982919e+00   5.8981440e+00
   4.8044278e+00   5.9527654e+00
   4.8105638e+00   6.6133147e+00
   4.8166997e+00   3.3704391e+00
   4.8228356e+00   5.4575794e+00
   4.8289715e+00   5.3335421e+00
   4.8351074e+00   6.4306425e+00
   4.8412434e+00   6.3107368e+00
   4.8473793e+00   2.3637252e+00
   4.8535152e+00   4.7680188e+00
   4.8596511e+00   6.0899529e+00
   4.8657871e+00   6.7300905e+00
   4.8719230e+00  -6.4068453e-01
   4.8780589e+00   4.6919729e+00
   4.8841948e+00   6.2698501e+00
   4.8903308e+00   1.7946766e+00
   4.8964667e+00   2.1730018e+00
   4.9026026e+00   3.3128167e-01
   4.9087385e+00   3.3697085e+00
   4.9148744e+00   1.5076389e+00
   4.9210104e+00   3.5781931e+00
   4.9271463e+00   2.3117009e+00
   4.9332822e+00  -1.1102452e+00
   4.9394181e+00   1.6086449e+00
   4.9455541e+00   3.3829423e+00
   4.9516900e+00   2.3210717e+00
   4.9578259e+00   1.6771896e+00
   4.9639618e+00   2.6939537e+00
   4.9700978e+00   2.4822780e+00
   4.9762337e+00   2.6139789e+00
   4.9823696e+00  -1.5918583e+00
   4.9885055e+00   3.1794026e+00
   4.9946414e+00  -9.4863602e-01
   5.0007774e+00   7.3937695e-01
   5.0069133e+00   4.2841246e+00
   5.0130492e+00   2.6322755e+00
   5.0191851e+00   2.2059678e+00
   5.0253211e+00  -1.1290592e+00
   5.0314570e+00   1.2455402e+00
   5.0375929e+00   2.8391775e+00
   5.0437288e+00   4.6075966e+00
   5.0498648e+00   5.4126099e+00
   5.0560007e+00  -8.5101846e-01
   5.0621366e+00  -3.5551404e-01
   5.0682725e+00   5.5424164e-01
   5.0744084e+00  -6.7517851e-02
   5.0805444e+00  -1.9358587e-02
   5.0866803e+00   2.8928018e+00
   5.0928162e+00   3.8176443e+00
   5.0989521e+00   9.2848708e-01
   5.1050881e+00   1.6655364e+00
   5.1112240e+00  -1.1914316e+00
   5.1173599e+00   1.8627756e+00
   5.1234958e+00   1.7115187e+00
   5.1296318e+00  -2.0281409e+00
   5.1357677e+00  -8.9317972e-02
   5.1419036e+00   3.4940176e+00
   5.1480395e+00   2.7125635e+00
   5.1541754e+00   7.4386974e-01
   5.1603114e+00   2.2589143e+00
   5.1664473e+00   7.1897298e-02
   5.1725832e+00   1.7924578e-01
   5.1787191e+00   6.6078808e-01
   5.1848551e+00  -8.1138133e-01
   5.1909910e+00  -1.8803642e+00
   5.1971269e+00  -2.4704121e+00
   5.2032628e+00   2.3688435e+00
   5.2093988e+00   8.7512280e-01
   5.2155347e+00   1.8568941e+00
   5.2216706e+00   3.4563915e+00
   5.2278065e+00   8.6144710e-01
   5.2339424e+00   2.6949463e+00
   5.2400784e+00   2.0241949e+00
   5.2462143e+00   7.9957704e-02
   5.2523502e+00  -5.1842567e+00
   5.2584861e+00   2.0586144e+00
   5.2646221e+00  -5.8862652e-01
   5.2707580e+00   3.4825615e+00
   5.2768939e+00  -2.6840435e+00
   5.2830298e+00   1.7646112e+00
   5.2891658e+00   2.0830218e+00
   5.2953017e+00   2.6616841e-01
   5.3014376e+00   3.8942489e+00
   5.3075735e+00   3.4615571e+00
   5.3137094e+00   2.0781565e+00
   5.3198454e+00   9.4348643e-01
   5.3259813e+00   3.7800556e+00
   5.3321172e+00  -1.3081660e+00
   5.3382531e+00   1.5523641e+00
   5.3443891e+00  -1.8591343e+00
   5.3505250e+00   2.7895198e-01
   5.3566609e+00   3.0000010e+00
   5.3627968e+00   3.4695452e+00
   5.3689328e+00   7.7713040e-01
   5.3750687e+00   5.9603793e-02
   5.3812046e+00   1.3260557e+00
   5.3873405e+00   5.6274945e+00
   5.3934765e+00   2.0379443e+00
   5.3996124e+00   2.3360583e+00
   5.4057483e+00  -6.9123198e-01
   5.4118842e+00   6.2368639e-01
   5.4180201e+00   6.5839745e-01
   5.4241561e+00   1.5171911e+00
   5.4302920e+00   1.9988221e-01
   5.4364279e+00   3.7802875e+00
   5.4425638e+00   4.1884303e+00
   5.4486998e+00   1.2191308e+00
   5.4548357e+00   1.6662276e+00
   5.4609716e+00   2.7409879e+00
   5.4671075e+00   9.4352093e-02
   5.4732435e+00   2.3830453e+00
   5.4793794e+00   1.0934379e+00
   5.4855153e+00   2.3160753e+00
   5.4916512e+00   2.9798727e+00
   5.4977871e+00  -4.1043913e-01
   5.5039231e+00  -2.4979136e-01
   5.5100590e+00   5.1618762e+00
   5.5161949e+00   1.4038048e+00
   5.5223308e+00   2.5706172e+00
   5.5284668e+00   3.6170651e+00
   5.5346027e+00   1.1434597e+00
   5.5407386e+00   2.8374328e+00
   5.5468745e+00   5.2100484e+00
   5.5530105e+00   4.6847792e+00
   5.5591464e+00   1.3765444e+00
   5.5652823e+00   5.0445689e+00
   5.5714182e+00   3.8872402e+00
   5.5775541e+00   2.0542825e+00
   5.5836901e+00   4.5476864e+00
   5.5898260e+00  -1.6530572e+00
   5.5959619e+00   4.1356058e+00
   5.6020978e+00   1.2805074e+00
   5.6082338e+00  -4.3122547e-01
   5.6143697e+00   2.0208858e+00
   5.6205056e+00   6.3475954e-01
   5.6266415e+00   2.5504679e-01
   5.6327775e+00   4.0131889e+00
   5.6389134e+00   5.3132393e+00
   5.6450493e+00   3.3543259e+00
   5.6511852e+00   2.6124605e+00
   5.6573211e+00   5.6704790e+00
   5.6634571e+00   1.9980913e+00
   5.6695930e+00   2.6302162e+00
   5.6757289e+00  -1.5558278e+00
   5.6818648e+00   4.0946802e+00
   5.6880008e+00   2.9471648e+00
   5.6941367e+00   3.8738975e+00
   5.7002726e+00  -3.9737289e-01
   5.7064085e+00  -1.3825778e+00
   5.7125445e+00   1.5478364e+00
   5.7186804e+00  -1.5988513e+00
   5.7248163e+00   4.7888843e+00
   5.7309522e+00   1.9459090e+00
   5.7370881e+00   3.6812350e+00
   5.7432241e+00  -2.6550871e-01
   5.7493600e+00   3.3599110e+00
   5.7554959e+00   5.4552229e+00
   5.7616318e+00   5.7774940e-01
   5.7677678e+00   2.0202489e+00
   5.7739037e+00   2.9487990e+00
   5.7800396e+00   2.8639822e+00
   5.7861755e+00  -4.9491252e-01
   5.7923115e+00  -1.9947036e+00
   5.7984474e+00   1.1347186e+00
   5.8045833e+00  -2.2793041e-01
   5.8107192e+00   9.2465249e-01
   5.8168551e+00   6.3990092e+00
   5.8229911e+00  -1.6936165e+00
   5.8291270e+00  -1.3736100e+00
   5.8352629e+00   8.2158683e-01
   5.8413988e+00   1.3766239e+00
   5.8475348e+00   4.2921282e+00
   5.8536707e+00   3.0677627e+00
   5.8598066e+00   7.7001699e-02
   5.8659425e+00   3.5976102e+00
   5.8720785e+00   4.7167309e-01
   5.8782144e+00   1.8697648e+00
   5.8843503e+00  -7.2251559e-01
   5.8904862e+00   1.7488783e-01
   5.8966221e+00   3.0448247e-01
   5.9027581e+00   1.5988255e+00
   5.9088940e+00   1.3415310e+00
   5.9150299e+00  -3.4990518e-01
   5.9211658e+00  -1.7334399e-01
   5.9273018e+00  -2.7198651e+00
   5.9334377e+00   1.4824074e+00
   5.9395736e+00   1.6325256e+00
   5.9457095e+00  -3.2780950e-01
   5.9518455e+00  -1.2456201e+00
   5.9579814e+00  -3.2319670e+00
   5.9641173e+00   1.0234125e-01
   5.9702532e+00  -4.3693517e-01
   5.9763891e+00   3.3148594e+00
   5.9825251e+00  -4.0372180e+00
   5.9886610e+00   1.0416797e+00
   5.9947969e+00  -5.0895228e-01
   6.0009328e+00   1.0249405e+00
   6.0070688e+00   1.5945619e+00
   6.0132047e+00  -8.8554156e-01
   6.0193406e+00   5.5323823e-02
   6.0254765e+00   9.0786940e-01
   6.0316125e+00   1.5978597e+00
   6.0377484e+00   2.0426298e+00
   6.0438843e+00  -5.2829805e+00
   6.0500202e+00  -9.0428830e-01
   6.0561562e+00   2.3772906e+00
   6.0622921e+00   1.4506676e+00
   6.0684280e+00   5.7837329e-01
   6.0745639e+00   3.7078025e-02
   6.0806998e+00   3.5128286e+00
   6.0868358e+00   2.6719096e+00
   6.0929717e+00  -1.3224332e+00
   6.0991076e+00   4.9660639e-01
   6.1052435e+00  -6.9226492e-01
   6.1113795e+00  -1.3485152e+00
   6.1175154e+00  -3.7541816e+00
   6.1236513e+00  -5.3009246e-02
   6.1297872e+00  -8.2610087e-02
   6.1359232e+00  -2.6104475e+00
   6.1420591e+00  -3.4174919e+00
   6.1481950e+00  -1.2097454e+00
   6.1543309e+00   3.3216579e+00
   6.1604668e+00  -7.7777829e-01
   6.1666028e+00  -1.5328969e+00
   6.1727387e+00  -1.4122346e+00
   6.1788746e+00  -4.2038654e-01
   6.1850105e+00   1.3784497e-01
   6.1911465e+00  -3.6182020e+00
   6.1972824e+00  -4.7589967e-01
   6.2034183e+00   1.2247908e+00
   6.2095542e+00  -2.2073746e+00
   6.2156902e+00   3.9995982e-01
   6.2218261e+00  -1.4553466e+00
   6.2279620e+00  -6.4361507e-01
   6.2340979e+00   5.4454555e-01
   6.2402338e+00   1.0570578e+00
   6.2463698e+00  -9.7696189e-01
   6.2525057e+00  -7.5799351e-01
   6.2586416e+00   2.1702134e+00
   6.2647775e+00  -1.3459070e+00
   6.2709135e+00   4.3992508e+00
   6.2770494e+00   1.0434637e+00