%        x               y
%
   0.0000000e+00  -4.0782098e-01
   2.0000000e-02  -2.4471687e-01
   4.0000000e-02  -3.7489072e-01
   6.0000000e-02  -7.1860478e-01
   8.0000000e-02  -5.8690092e-01
   1.0000000e-01  -3.7999216e-01
   1.2000000e-01  -7.3428584e-01
   1.4000000e-01  -6.8094645e-01
   1.6000000e-01  -7.8250335e-01
   1.8000000e-01  -6.5025210e-01
   2.0000000e-01  -8.8248311e-01
   2.2000000e-01  -8.4396283e-01
   2.4000000e-01  -9.5440249e-01
   2.6000000e-01  -9.2668442e-01
   2.8000000e-01  -8.2518249e-01
   3.0000000e-01  -9.4146222e-01
   3.2000000e-01  -9.7445681e-01
   3.4000000e-01  -1.0803495e+00
   3.6000000e-01  -1.1433924e+00
   3.8000000e-01  -9.6356798e-01
   4.0000000e-01  -9.5086905e-01
   4.2000000e-01  -9.5969429e-01
   4.4000000e-01  -1.1668154e+00
   4.6000000e-01  -8.9181995e-01
   4.8000000e-01  -9.1065576e-01
   5.0000000e-01  -7.7719736e-01
   5.2000000e-01  -8.4852456e-01
   5.4000000e-01  -7.9567741e-01
   5.6000000e-01  -8.1921821e-01
   5.8000000e-01  -7.9993263e-01
   6.0000000e-01  -6.5584537e-01
   6.2000000e-01  -4.0347825e-01
   6.4000000e-01  -2.8459884e-01
   6.6000000e-01  -5.0738431e-01
   6.8000000e-01  -2.3844563e-01
   7.0000000e-01  -1.7730278e-01
   7.2000000e-01  -5.7409887e-02
   7.4000000e-01   1.2269394e-01
   7.6000000e-01   5.2458109e-02
   7.8000000e-01   1.6549482e-01
   8.0000000e-01   4.0583273e-01
   8.2000000e-01   5.1529298e-01
   8.4000000e-01   5.6559852e-01
   8.6000000e-01   6.6557385e-01
   8.8000000e-01   8.6536595e-01
   9.0000000e-01   7.8793113e-01
   9.2000000e-01   8.9707596e-01
   9.4000000e-01   1.0339295e+00
   9.6000000e-01   1.0211967e+00
   9.8000000e-01   1.1548203e+00
   1.0000000e+00   9.8267528e-01
   1.0200000e+00   9.4833588e-01
   1.0400000e+00   8.5356247e-01
   1.0600000e+00   7.5297380e-01
   1.0800000e+00   7.9488533e-01
   1.1000000e+00   4.4142492e-01
   1.1200000e+00   3.9458263e-01
   1.1400000e+00   1.2039251e-04
   1.1600000e+00   1.6129438e-01
   1.1800000e+00  -4.0129275e-02
   1.2000000e+00  -1.9064193e-01
   1.2200000e+00  -5.6569166e-01
   1.2400000e+00  -6.3485345e-01
   1.2600000e+00  -7.6326264e-01
   1.2800000e+00  -1.0623612e+00
   1.3000000e+00  -1.1415823e+00
   1.3200000e+00  -1.0645529e+00
   1.3400000e+00  -8.5088091e-01
   1.3600000e+00  -7.0955345e-01
   1.3800000e+00  -7.9312682e-01
   1.4000000e+00  -8.1919255e-01
   1.4200000e+00  -4.1828004e-01
   1.4400000e+00  -1.7177487e-01
   1.4600000e+00   3.2594045e-02
   1.4800000e+00   3.1679149e-01
   1.5000000e+00   3.5695845e-01
   1.5200000e+00   5.9786025e-01
   1.5400000e+00   9.8441096e-01
   1.5600000e+00   9.6404005e-01
   1.5800000e+00   8.2767772e-01
   1.6000000e+00   8.7456926e-01
   1.6200000e+00   6.5610325e-01
   1.6400000e+00   5.5866217e-01
   1.6600000e+00   1.8368835e-01
   1.6800000e+00  -1.0834963e-01
   1.7000000e+00  -4.1049197e-01
   1.7200000e+00  -8.3763381e-01
   1.7400000e+00  -9.1450552e-01
%